name,email,year,month,day
Test,test@email.com,1961,12,21
Dima, dimonhacker@bk.ru, 1988,03,11